

*BAUDETTE           210301  48.6703         48.6703         20210702  21   
Fcst Dy             06/30    07/01    07/02    07/03    07/04    07/05    07/06    07/07    07/08    07/09    07/10    
Max RH (%)             78       83       86       78       73       93       83       77       87                         
Min Temp (F)           60       59       58       66       70       64       56       54       60                         
Min RH (%)             32       40       28       32       31       44       43       40       43                         
Max Temp (F)           83       85       88       93       94       90       78       76       78                         
WSpd (knt)             7        6        5        10       9        10       7        10       9                          
BI                              33       31       46       42       44       38       45       41                         
ERC                             38       39       42       43       41       42       43       41                         
IC                              20       19       34       19       18       17       18       13                         
10-hr fuel (%)                  9        8        8        8        11       10       10       11                         
100-hr fuel (%)                 13       12       11       11       11       11       11       11                         
1000-hr fuel (%)                16       16       15       15       15       14       14       14                         

*DETROIT LAKES      212201  46.8489         46.8489         20210702  21   
Fcst Dy             06/30    07/01    07/02    07/03    07/04    07/05    07/06    07/07    07/08    07/09    07/10    
Max RH (%)             80       84       81       76       66       90       84       80       87                         
Min Temp (F)           59       64       63       68       72       67       60       58       64                         
Min RH (%)             39       37       33       33       31       41       40       40       39                         
Max Temp (F)           82       84       87       91       92       90       83       78       81                         
WSpd (knt)             5        6        5        12       11       11       9        11       12                         
BI                              35       33       54       52       50       45       51       53                         
ERC                             40       41       44       46       44       45       46       45                         
IC                              19       19       38       29       24       20       24       23                         
10-hr fuel (%)                  9        8        8        7        10       9        9        10                         
100-hr fuel (%)                 14       13       12       11       11       11       11       11                         
1000-hr fuel (%)                15       15       15       14       14       14       14       14                         

*LITTLEFORK         210405  48.3894         48.3894         20210702  21   
Fcst Dy             06/30    07/01    07/02    07/03    07/04    07/05    07/06    07/07    07/08    07/09    07/10    
Max RH (%)             96       100      90       87       73       90       83       80       96                         
Min Temp (F)           54       55       54       61       68       64       54       52       57                         
Min RH (%)             36       39       34       32       32       42       44       38       41                         
Max Temp (F)           84       83       87       92       93       90       77       74       77                         
WSpd (knt)             5        5        3        6        8        9        5        6        8                          
BI                              31       28       36       41       42       34       37       40                         
ERC                             38       41       43       44       43       44       45       42                         
IC                              15       17       24       18       15       14       15       14                         
10-hr fuel (%)                  12       9        9        8        10       10       9        11                         
100-hr fuel (%)                 14       13       12       11       11       12       11       12                         
1000-hr fuel (%)                15       14       14       14       14       14       14       14                         

*BEMIDJI            210901  47.5017         47.5017         20210702  21   
Fcst Dy             06/30    07/01    07/02    07/03    07/04    07/05    07/06    07/07    07/08    07/09    07/10    
Max RH (%)             86       96       93       84       71       93       86       83       93                         
Min Temp (F)           56       60       57       64       70       65       57       54       60                         
Min RH (%)             37       36       36       32       31       41       42       41       41                         
Max Temp (F)           82       84       87       92       93       90       82       76       81                         
WSpd (knt)             6        5        4        9        10       11       7        9        10                         
BI                              32       30       45       49       49       39       45       46                         
ERC                             40       41       43       46       44       44       45       43                         
IC                              17       19       32       27       22       16       21       20                         
10-hr fuel (%)                  11       10       9        7        11       10       10       11                         
100-hr fuel (%)                 13       13       12       11       12       12       12       12                         
1000-hr fuel (%)                15       15       14       14       14       14       14       14                         

*AGASSIZ            210801  48.305         48.305         20210702  21   
Fcst Dy             06/30    07/01    07/02    07/03    07/04    07/05    07/06    07/07    07/08    07/09    07/10    
Max RH (%)             78       87       83       76       71       87       86       80       84                         
Min Temp (F)           60       60       59       67       70       65       55       56       61                         
Min RH (%)             32       36       31       32       31       45       41       40       45                         
Max Temp (F)           85       85       89       93       94       90       81       77       79                         
WSpd (knt)             10       8        8        15       13       14       10       13       14                         
BI                              36       38       58       53       53       45       52       54                         
ERC                             36       38       41       43       41       42       42       42                         
IC                              22       26       44       29       23       21       24       22                         
10-hr fuel (%)                  9        8        8        7        10       10       9        10                         
100-hr fuel (%)                 14       13       12       11       11       11       11       11                         
1000-hr fuel (%)                16       16       15       15       15       15       15       14                         

*CASS LAKE          211604  47.3778         47.3778         20210702  21   
Fcst Dy             06/30    07/01    07/02    07/03    07/04    07/05    07/06    07/07    07/08    07/09    07/10    
Max RH (%)             93       100      93       84       76       93       90       83       96                         
Min Temp (F)           58       59       58       66       69       65       57       54       60                         
Min RH (%)             36       38       35       32       31       42       43       40       39                         
Max Temp (F)           85       84       89       93       94       90       82       77       82                         
WSpd (knt)             5        5        3        7        8        9        5        7        8                          
BI                              29       25       37       40       42       32       37       39                         
ERC                             36       37       40       43       41       41       42       40                         
IC                              15       15       26       22       18       13       16       16                         
10-hr fuel (%)                  11       10       9        8        11       11       9        11                         
100-hr fuel (%)                 14       14       12       11       12       12       12       12                         
1000-hr fuel (%)                16       16       15       15       14       14       14       14                         

*ROSEAU             210203  48.85         48.85         20210702  21   
Fcst Dy             06/30    07/01    07/02    07/03    07/04    07/05    07/06    07/07    07/08    07/09    07/10    
Max RH (%)             75       78       75       73       64       84       75       72       78                         
Min Temp (F)           62       62       60       67       72       64       56       57       62                         
Min RH (%)             27       34       32       29       26       41       37       36       40                         
Max Temp (F)           85       85       89       94       95       90       77       77       80                         
WSpd (knt)             7        7        6        12       9        11       8        10       11                         
BI                              40       37       56       48       51       45       51       53                         
ERC                             44       44       47       49       47       49       49       49                         
IC                              26       26       43       26       22       23       24       24                         
10-hr fuel (%)                  8        7        7        6        9        8        8        9                          
100-hr fuel (%)                 12       12       11       10       10       10       10       10                         
1000-hr fuel (%)                14       14       14       13       13       13       13       13                         

*BADOURA            211502  46.8616         46.8616         20210702  21   
Fcst Dy             06/30    07/01    07/02    07/03    07/04    07/05    07/06    07/07    07/08    07/09    07/10    
Max RH (%)             83       90       87       81       71       93       90       83       96                         
Min Temp (F)           57       61       58       64       69       65       58       54       60                         
Min RH (%)             38       37       37       32       30       40       41       40       39                         
Max Temp (F)           83       84       87       92       93       91       84       77       81                         
WSpd (knt)             5        5        3        9        9        9        7        8        10                         
BI                              29       25       41       42       41       36       39       43                         
ERC                             37       37       40       43       41       41       42       40                         
IC                              16       16       30       24       19       15       18       18                         
10-hr fuel (%)                  10       9        8        7        11       10       9        11                         
100-hr fuel (%)                 14       14       13       11       12       12       12       12                         
1000-hr fuel (%)                15       16       15       15       15       15       14       14                         

*KABNAM             210507  48.4392         48.4392         20210702  21   
Fcst Dy             06/30    07/01    07/02    07/03    07/04    07/05    07/06    07/07    07/08    07/09    07/10    
Max RH (%)             86       96       83       78       68       87       80       74       90                         
Min Temp (F)           54       55       54       62       70       65       55       53       58                         
Min RH (%)             36       33       34       31       31       42       42       37       37                         
Max Temp (F)           84       88       85       91       93       89       77       74       76                         
WSpd (knt)             5        4        3        5        7        8        5        5        7                          
BI                              30       29       36       41       41       36       36       40                         
ERC                             41       44       46       47       44       47       47       46                         
IC                              13       18       24       19       13       16       15       14                         
10-hr fuel (%)                  11       9        8        8        11       9        9        10                         
100-hr fuel (%)                 12       11       11       10       11       11       10       11                         
1000-hr fuel (%)                15       14       14       14       14       13       13       13                         

*BRAINERD           212601  46.3972         46.3972         20210702  21   
Fcst Dy             06/30    07/01    07/02    07/03    07/04    07/05    07/06    07/07    07/08    07/09    07/10    
Max RH (%)             96       96       83       81       73       90       87       80       90                         
Min Temp (F)           57       59       55       63       69       66       60       56       61                         
Min RH (%)             31       33       32       29       28       34       39       39       38                         
Max Temp (F)           86       85       87       93       94       92       85       78       82                         
WSpd (knt)             4        6        3        8        10       9        7        7        8                          
BI                              33       28       41       48       45       39       40       41                         
ERC                             37       40       42       45       44       44       45       44                         
IC                              17       18       31       29       22       17       19       18                         
10-hr fuel (%)                  10       8        8        7        10       10       9        10                         
100-hr fuel (%)                 14       13       12       11       11       11       11       11                         
1000-hr fuel (%)                15       15       15       14       14       14       14       14                         

*MN VALLEY          215601  44.7164         44.7164         20210702  21   
Fcst Dy             06/30    07/01    07/02    07/03    07/04    07/05    07/06    07/07    07/08    07/09    07/10    
Max RH (%)             87       90       84       87       73       79       84       81       90                         
Min Temp (F)           63       63       61       63       70       72       67       62       65                         
Min RH (%)             39       32       35       33       34       40       42       46       46                         
Max Temp (F)           85       90       89       91       92       91       90       83       87                         
WSpd (knt)             3        6        2        5        10       5        5        5        9                          
BI                              30       22       30       43       31       31       31       40                         
ERC                             31       33       34       37       38       38       39       38                         
IC                              19       14       20       25       16       14       14       18                         
10-hr fuel (%)                  10       9        9        8        9        10       10       11                         
100-hr fuel (%)                 15       14       13       12       12       12       12       12                         
1000-hr fuel (%)                18       17       17       17       16       16       16       16                         

*SHERBURNE          214001  45.5314         45.5314         20210702  21   
Fcst Dy             06/30    07/01    07/02    07/03    07/04    07/05    07/06    07/07    07/08    07/09    07/10    
Max RH (%)             90       87       86       87       78       84       87       83       90                         
Min Temp (F)           61       62       58       64       69       70       63       58       63                         
Min RH (%)             36       30       32       30       31       37       42       44       44                         
Max Temp (F)           85       88       87       92       93       92       88       80       84                         
WSpd (knt)             3        7        1        6        10       6        6        5        8                          
BI                              34       22       33       44       34       34       32       39                         
ERC                             37       38       39       41       41       41       41       41                         
IC                              21       15       24       26       16       14       14       17                         
10-hr fuel (%)                  9        9        9        8        9        10       10       11                         
100-hr fuel (%)                 14       14       13       12       11       12       12       12                         
1000-hr fuel (%)                16       16       16       15       15       15       15       14                         

*CARLOS             214201  45.3028         45.3028         20210702  21   
Fcst Dy             06/30    07/01    07/02    07/03    07/04    07/05    07/06    07/07    07/08    07/09    07/10    
Max RH (%)             93       90       86       84       78       84       87       81       90                         
Min Temp (F)           62       62       56       65       70       71       65       59       64                         
Min RH (%)             39       34       36       34       32       40       45       47       47                         
Max Temp (F)           85       88       86       91       93       92       88       80       84                         
WSpd (knt)             3        7        1        5        11       7        6        6        8                          
BI                              31       20       29       44       34       32       32       37                         
ERC                             33       34       36       38       38       38       39       38                         
IC                              18       12       20       26       16       13       14       15                         
10-hr fuel (%)                  9        9        9        8        9        10       10       11                         
100-hr fuel (%)                 15       15       13       12       12       12       12       12                         
1000-hr fuel (%)                17       17       17       16       16       15       15       15                         

*BIG STONE NWR      213501  45.2611         45.2611         20210702  21   
Fcst Dy             06/30    07/01    07/02    07/03    07/04    07/05    07/06    07/07    07/08    07/09    07/10    
Max RH (%)             100      100      81       73       66       87       78       84       84                         
Min Temp (F)           55       57       65       68       72       69       65       62       66                         
Min RH (%)             33       32       32       27       25       30       31       37       35                         
Max Temp (F)           85       87       90       94       96       97       92       84       87                         
WSpd (knt)             4        5        4        13       11       9        8        10       11                         
BI                              32       33       59       55       48       46       51       54                         
ERC                             39       44       47       49       48       49       49       49                         
IC                              18       22       43       37       27       22       26       26                         
10-hr fuel (%)                  11       8        7        6        9        8        9        9                          
100-hr fuel (%)                 15       13       12       10       10       10       10       11                         
1000-hr fuel (%)                14       14       14       13       13       13       13       13                         

*ORR                210514  48.0173         48.0173         20210702  21   
Fcst Dy             06/30    07/01    07/02    07/03    07/04    07/05    07/06    07/07    07/08    07/09    07/10    
Max RH (%)             100      100      86       84       76       93       86       80       96                         
Min Temp (F)           53       53       51       60       67       64       54       51       56                         
Min RH (%)             34       33       33       32       32       39       42       38       40                         
Max Temp (F)           84       83       85       92       93       91       79       74       76                         
WSpd (knt)             3        3        2        5        6        7        4        5        7                          
BI                              22       21       29       32       33       27       31       33                         
ERC                             32       34       37       39       37       39       40       38                         
IC                              11       13       21       18       13       12       15       12                         
10-hr fuel (%)                  11       9        9        8        11       10       9        11                         
100-hr fuel (%)                 14       13       12       11       12       12       11       12                         
1000-hr fuel (%)                17       17       17       16       16       16       15       15                         

*CARLOS             214201  45.3028         45.3028         20210702  21   
Fcst Dy             06/30    07/01    07/02    07/03    07/04    07/05    07/06    07/07    07/08    07/09    07/10    
Max RH (%)             93       90       86       84       78       84       87       81       90                         
Min Temp (F)           62       62       56       65       70       71       65       59       64                         
Min RH (%)             39       34       36       34       32       40       45       47       47                         
Max Temp (F)           85       88       86       91       93       92       88       80       84                         
WSpd (knt)             3        7        1        5        11       7        6        6        8                          
BI                              31       20       29       44       34       32       32       37                         
ERC                             33       34       36       38       38       38       39       38                         
IC                              18       12       20       26       16       13       14       15                         
10-hr fuel (%)                  9        9        9        8        9        10       10       11                         
100-hr fuel (%)                 15       15       13       12       12       12       12       12                         
1000-hr fuel (%)                17       17       17       16       16       15       15       15                         

*MORA               213301  45.89         45.89         20210702  21   
Fcst Dy             06/30    07/01    07/02    07/03    07/04    07/05    07/06    07/07    07/08    07/09    07/10    
Max RH (%)             97       96       100      93       84       93       90       86       96                         
Min Temp (F)           58       58       52       61       67       66       60       54       59                         
Min RH (%)             41       36       39       36       34       40       46       48       45                         
Max Temp (F)           83       86       85       91       92       91       85       77       82                         
WSpd (knt)             2        6        1        4        9        6        5        4        7                          
BI                              27       18       24       35       29       27       25       31                         
ERC                             30       30       31       34       34       34       35       34                         
IC                              14       11       16       21       13       10       11       12                         
10-hr fuel (%)                  11       12       10       9        11       11       10       12                         
100-hr fuel (%)                 16       16       15       13       13       13       13       13                         
1000-hr fuel (%)                17       17       17       17       16       16       16       16                         

*LITTLE FALLS       213102  45.9514         45.9514         20210702  21   
Fcst Dy             06/30    07/01    07/02    07/03    07/04    07/05    07/06    07/07    07/08    07/09    07/10    
Max RH (%)             83       87       90       84       76       87       87       80       93                         
Min Temp (F)           58       60       57       62       69       67       60       56       61                         
Min RH (%)             24       26       28       23       21       25       30       30       28                         
Max Temp (F)           84       87       88       93       94       93       87       79       84                         
WSpd (knt)             3        6        2        8        10       7        6        7        8                          
BI                              40       29       49       55       45       41       46       47                         
ERC                             40       40       43       46       46       46       47       46                         
IC                              25       19       38       37       25       20       24       23                         
10-hr fuel (%)                  8        9        8        7        9        9        8        10                         
100-hr fuel (%)                 14       14       13       11       11       11       10       11                         
1000-hr fuel (%)                15       15       15       15       14       14       14       14                         

*HILL CITY          211702  46.961         46.961         20210702  21   
Fcst Dy             06/30    07/01    07/02    07/03    07/04    07/05    07/06    07/07    07/08    07/09    07/10    
Max RH (%)             100      100      93       90       78       100      93       86       100                        
Min Temp (F)           54       55       50       60       67       64       56       51       57                         
Min RH (%)             37       41       41       37       36       42       49       46       45                         
Max Temp (F)           84       83       84       90       92       89       81       74       79                         
WSpd (knt)             4        5        3        5        8        7        5        5        7                          
BI                              27       24       29       38       34       29       30       33                         
ERC                             33       35       36       40       37       37       38       36                         
IC                              11       14       18       20       13       10       12       11                         
10-hr fuel (%)                  12       11       10       8        12       12       10       12                         
100-hr fuel (%)                 15       14       14       12       13       13       13       14                         
1000-hr fuel (%)                16       16       16       15       15       15       15       15                         

*ISABELLA           210602  47.6197         47.6197         20210702  21   
Fcst Dy             06/30    07/01    07/02    07/03    07/04    07/05    07/06    07/07    07/08    07/09    07/10    
Max RH (%)             100      100      80       78       76       90       90       86       89                         
Min Temp (F)           55       52       49       61       68       65       54       49       51                         
Min RH (%)             38       29       33       32       37       40       45       42       42                         
Max Temp (F)           80       80       82       89       89       88       78       69       72                         
WSpd (knt)             4        5        4        5        8        9        6        7        7                          
BI                              23       24       26       33       35       29       33       31                         
ERC                             26       31       32       34       34       35       36       34                         
IC                              10       18       19       20       14       10       16       9                          
10-hr fuel (%)                  11       8        8        8        10       12       10       11                         
100-hr fuel (%)                 17       14       13       12       12       12       12       12                         
1000-hr fuel (%)                18       18       18       18       17       16       16       16                         

*SEAGULL            210709  48.1203         48.1203         20210702  21   
Fcst Dy             06/30    07/01    07/02    07/03    07/04    07/05    07/06    07/07    07/08    07/09    07/10    
Max RH (%)             100      100      83       78       73       90       83       86       90                         
Min Temp (F)           56       52       50       61       69       67       54       49       53                         
Min RH (%)             37       36       32       30       31       37       42       37       37                         
Max Temp (F)           83       80       86       93       94       91       79       73       73                         
WSpd (knt)             4        3        4        4        5        6        4        4        6                          
BI                              23       28       29       32       32       29       30       33                         
ERC                             34       38       40       42       39       41       42       40                         
IC                              10       19       21       19       10       13       14       9                          
10-hr fuel (%)                  11       8        8        7        11       10       10       11                         
100-hr fuel (%)                 14       13       12       11       11       11       11       12                         
1000-hr fuel (%)                16       16       16       16       15       15       15       14                         

*MOOSE LAKE         211803  46.4203         46.4203         20210702  21   
Fcst Dy             06/30    07/01    07/02    07/03    07/04    07/05    07/06    07/07    07/08    07/09    07/10    
Max RH (%)             100      100      96       93       84       93       93       86       100                        
Min Temp (F)           54       52       47       58       65       65       57       50       56                         
Min RH (%)             33       37       37       33       34       37       44       41       40                         
Max Temp (F)           85       84       83       90       91       91       84       74       79                         
WSpd (knt)             4        7        2        5        9        6        6        5        7                          
BI                              27       19       26       35       28       28       27       30                         
ERC                             29       31       32       35       35       35       36       34                         
IC                              11       12       18       21       13       12       12       12                         
10-hr fuel (%)                  11       11       10       9        10       11       10       12                         
100-hr fuel (%)                 16       15       14       13       13       13       13       13                         
1000-hr fuel (%)                18       18       18       17       16       16       16       16                         

*HIBBING            210512  47.3919         47.3919         20210702  21   
Fcst Dy             06/30    07/01    07/02    07/03    07/04    07/05    07/06    07/07    07/08    07/09    07/10    
Max RH (%)             100      100      89       90       81       93       90       86       96                         
Min Temp (F)           52       50       47       56       64       63       54       48       53                         
Min RH (%)             36       35       37       36       37       42       50       44       43                         
Max Temp (F)           83       83       84       90       91       89       80       73       76                         
WSpd (knt)             4        5        4        6        9        9        5        6        8                          
BI                              26       25       30       38       37       28       32       35                         
ERC                             33       35       35       38       37       37       38       36                         
IC                              12       15       20       21       14       11       14       12                         
10-hr fuel (%)                  11       10       10       9        11       11       10       12                         
100-hr fuel (%)                 15       14       13       12       13       13       13       13                         
1000-hr fuel (%)                16       16       16       16       16       15       15       15                         

*MEANDER            210503  48.12         48.12         20210702  21   
Fcst Dy             06/30    07/01    07/02    07/03    07/04    07/05    07/06    07/07    07/08    07/09    07/10    
Max RH (%)             100      100      83       87       78       93       89       83       96                         
Min Temp (F)           55       53       52       62       68       65       53       51       55                         
Min RH (%)             37       34       34       32       32       39       44       38       37                         
Max Temp (F)           82       81       85       91       92       90       77       73       74                         
WSpd (knt)             4        3        4        5        6        7        4        5        7                          
BI                              23       26       30       33       33       28       31       33                         
ERC                             34       36       38       40       37       39       40       37                         
IC                              10       16       21       18       10       12       16       9                          
10-hr fuel (%)                  11       9        9        8        11       11       9        12                         
100-hr fuel (%)                 14       13       12       11       12       12       12       12                         
1000-hr fuel (%)                17       17       16       16       15       15       15       15                         

*ELY  MN            210509  47.8286         47.8286         20210702  21   
Fcst Dy             06/30    07/01    07/02    07/03    07/04    07/05    07/06    07/07    07/08    07/09    07/10    
Max RH (%)             100      100      86       90       78       93       93       83       96                         
Min Temp (F)           55       53       50       61       68       66       54       50       54                         
Min RH (%)             34       26       33       32       32       38       45       39       38                         
Max Temp (F)           82       81       85       90       91       89       78       72       74                         
WSpd (knt)             4        3        4        6        8        9        5        5        8                          
BI                              21       25       30       35       36       28       30       33                         
ERC                             31       34       35       37       36       37       38       35                         
IC                              10       17       21       21       14       12       15       10                         
10-hr fuel (%)                  11       9        10       8        11       11       9        12                         
100-hr fuel (%)                 15       13       13       12       12       12       12       12                         
1000-hr fuel (%)                17       17       17       17       16       16       16       16                         

*LAONA              471101  45.4621         45.4621         20210702  21   
Fcst Dy             06/30    07/01    07/02    07/03    07/04    07/05    07/06    07/07    07/08    07/09    07/10    
Max RH (%)             100      100      89       78       81       81       93       86                                  
Min Temp (F)           59       56       47       59       66       69       60       52                                  
Min RH (%)             54       52       40       34       43       45       55       53                                  
Max Temp (F)           79       79       75       87       88       88       82       71                                  
WSpd (knt)             6        6        4        7        7        9        5        4                                   
BI                              16       16                                                                               
ERC                             15       19                                                                               
IC                              8        11                                                                               
10-hr fuel (%)                  13       10                                                                               
100-hr fuel (%)                 20       17                                                                               
1000-hr fuel (%)                23       22                                                                               

*WATERSMEET         200103  46.2689         46.2689         20210702  21   
Fcst Dy             06/30    07/01    07/02    07/03    07/04    07/05    07/06    07/07    07/08    07/09    07/10    
Max RH (%)             100      100      100      74       78       80       90       85       91                         
Min Temp (F)           57       51       40       61       67       69       57       49       54                         
Min RH (%)             41       39       34       32       35       37       48       42       41                         
Max Temp (F)           79       80       74       87       89       90       83       71       74                         
WSpd (knt)             5        6        4        6        6        6        5        3        5                          
BI                              33       29       37       37       37       32       29       33                         
ERC                             29       30       34       35       37       35       37       36                         
IC                              20       17       28       24       18       10       14       11                         
10-hr fuel (%)                  12       11       8        8        9        12       10       12                         
100-hr fuel (%)                 16       16       14       12       12       12       12       12                         
1000-hr fuel (%)                19       19       18       18       17       17       17       16                         

*BARNES             470202  46.3442         46.3442         20210702  21   
Fcst Dy             06/30    07/01    07/02    07/03    07/04    07/05    07/06    07/07    07/08    07/09    07/10    
Max RH (%)             100      100      89       93       78       93       93       89       96                         
Min Temp (F)           54       51       47       59       67       66       58       50       55                         
Min RH (%)             34       36       37       34       38       41       49       44       44                         
Max Temp (F)           84       83       83       90       91       91       84       74       78                         
WSpd (knt)             5        8        4        6        10       7        7        5        7                          
BI                              29       24       29       39       32       31       28       32                         
ERC                             28       32       32       36       35       33       36       34                         
IC                              12       16       19       23       14       9        12       12                         
10-hr fuel (%)                  12       10       10       9        11       13       11       12                         
100-hr fuel (%)                 16       15       14       13       13       13       13       13                         
1000-hr fuel (%)                18       17       17       17       16       16       16       16                         

*WASHBURN           470207  46.5851         46.5851         20210702  21   
Fcst Dy             06/30    07/01    07/02    07/03    07/04    07/05    07/06    07/07    07/08    07/09    07/10    
Max RH (%)             100      100      89       87       78       90       90       86       93                         
Min Temp (F)           57       53       48       61       68       67       58       52       56                         
Min RH (%)             38       41       39       37       40       41       51       47       47                         
Max Temp (F)           83       82       82       89       90       90       83       71       76                         
WSpd (knt)             5        8        5        6        10       8        8        7        7                          
BI                              32       29       32       42       37       35       35       33                         
ERC                             32       36       37       39       39       37       39       37                         
IC                              11       17       19       23       14       9        14       11                         
10-hr fuel (%)                  12       10       10       9        10       12       10       11                         
100-hr fuel (%)                 15       13       13       12       12       13       13       13                         
1000-hr fuel (%)                16       16       16       16       15       15       15       15                         

*GLIDDEN            470302  46.1447         46.1447         20210702  21   
Fcst Dy             06/30    07/01    07/02    07/03    07/04    07/05    07/06    07/07    07/08    07/09    07/10    
Max RH (%)             100      100      89       87       84       87       93       89       93                         
Min Temp (F)           55       53       45       59       65       67       58       51       56                         
Min RH (%)             40       42       41       39       41       44       53       48       48                         
Max Temp (F)           83       80       80       88       89       90       84       73       76                         
WSpd (knt)             6        8        5        6        8        7        6        4        7                          
BI                              27       24       27       31       29       26       24       28                         
ERC                             27       30       31       32       33       31       33       32                         
IC                              13       13       17       17       13       7        10       8                          
10-hr fuel (%)                  12       10       10       9        10       13       11       13                         
100-hr fuel (%)                 16       15       14       13       13       13       13       13                         
1000-hr fuel (%)                18       18       18       18       17       17       17       17                         

*WOODRUFF           471002  45.8872         45.8872         20210702  21   
Fcst Dy             06/30    07/01    07/02    07/03    07/04    07/05    07/06    07/07    07/08    07/09    07/10    
Max RH (%)             97       87       89       78       81       81       90       83                                  
Min Temp (F)           59       58       49       60       67       69       60       53                                  
Min RH (%)             49       39       40       33       40       42       51       49                                  
Max Temp (F)           80       81       77       88       89       89       83       72                                  
WSpd (knt)             6        7        4        6        7        8        5        4                                   
BI                              26       21                                                                               
ERC                             27       28                                                                               
IC                              13       12                                                                               
10-hr fuel (%)                  10       10                                                                               
100-hr fuel (%)                 16       16                                                                               
1000-hr fuel (%)                19       19                                                                               

*MINONG             470703  46.1358         46.1358         20210702  21   
Fcst Dy             06/30    07/01    07/02    07/03    07/04    07/05    07/06    07/07    07/08    07/09    07/10    
Max RH (%)             100      100      89       97       84       93       93       89       96                         
Min Temp (F)           55       53       48       59       66       66       59       52       57                         
Min RH (%)             35       38       36       34       37       40       46       43       43                         
Max Temp (F)           85       83       83       90       91       91       85       76       79                         
WSpd (knt)             4        7        3        5        9        6        6        5        7                          
BI                              28       23       26       37       30       29       29       32                         
ERC                             29       32       32       35       35       34       36       35                         
IC                              13       15       17       22       14       9        13       12                         
10-hr fuel (%)                  12       10       11       9        11       12       11       12                         
100-hr fuel (%)                 16       14       14       13       13       13       13       13                         
1000-hr fuel (%)                17       17       17       17       16       16       16       16                         

*ANTIGO             471901  45.1589         45.1589         20210702  21   
Fcst Dy             06/30    07/01    07/02    07/03    07/04    07/05    07/06    07/07    07/08    07/09    07/10    
Max RH (%)             100      100      96       93       90       84       93       90                                  
Min Temp (F)           59       57       48       58       65       68       62       54                                  
Min RH (%)             56       45       39       41       48       50       62       59                                  
Max Temp (F)           78       82       76       85       86       86       80       69                                  
WSpd (knt)             6        9        5        9        9        11       7        7                                   
BI                              21       18                                                                               
ERC                             16       19                                                                               
IC                              9        10                                                                               
10-hr fuel (%)                  12       11                                                                               
100-hr fuel (%)                 19       17                                                                               
1000-hr fuel (%)                23       22                                                                               

*AUGUSTA            472801  44.6957         44.6957         20210702  21   
Fcst Dy             06/30    07/01    07/02    07/03    07/04    07/05    07/06    07/07    07/08    07/09    07/10    
Max RH (%)             97       96       93       87       81       81       93       84       90                         
Min Temp (F)           63       60       54       62       68       71       66       60       62                         
Min RH (%)             41       38       40       37       38       40       50       49       47                         
Max Temp (F)           85       88       84       89       92       93       87       80       81                         
WSpd (knt)             2        4        3        3        6        5        4        4        6                          
BI                              20       19       21       28       26       24       25       28                         
ERC                             24       26       28       31       32       32       33       32                         
IC                              13       11       14       16       12       10       10       11                         
10-hr fuel (%)                  11       11       10       9        9        11       10       11                         
100-hr fuel (%)                 17       16       15       13       13       13       13       13                         
1000-hr fuel (%)                20       19       19       18       18       18       17       17                         

*TOMAHAWK           471801  45.5942         45.5942         20210702  21   
Fcst Dy             06/30    07/01    07/02    07/03    07/04    07/05    07/06    07/07    07/08    07/09    07/10    
Max RH (%)             100      90       86       81       81       81       90       86                                  
Min Temp (F)           59       58       50       59       66       69       62       53                                  
Min RH (%)             49       42       34       35       40       42       51       49                                  
Max Temp (F)           80       81       78       88       89       89       83       72                                  
WSpd (knt)             6        6        3        5        6        7        5        3                                   
BI                              21       18                                                                               
ERC                             22       25                                                                               
IC                              12       13                                                                               
10-hr fuel (%)                  11       9                                                                                
100-hr fuel (%)                 17       15                                                                               
1000-hr fuel (%)                21       20                                                                               

*HAYWARD            470804  46.0005         46.0005         20210702  21   
Fcst Dy             06/30    07/01    07/02    07/03    07/04    07/05    07/06    07/07    07/08    07/09    07/10    
Max RH (%)             100      100      86       90       84       90       96       89       93                         
Min Temp (F)           54       52       48       58       66       66       58       51       57                         
Min RH (%)             36       38       37       37       39       42       48       46       46                         
Max Temp (F)           85       82       83       88       89       89       84       74       78                         
WSpd (knt)             5        7        4        5        10       7        6        5        7                          
BI                              27       23       26       37       31       27       27       30                         
ERC                             28       31       32       34       34       32       35       34                         
IC                              13       14       16       21       14       8        12       11                         
10-hr fuel (%)                  12       10       10       9        10       13       11       11                         
100-hr fuel (%)                 16       14       14       13       13       13       13       13                         
1000-hr fuel (%)                18       18       17       17       17       16       16       16                         

*MN VALLEY          215601  44.7164         44.7164         20210702  21   
Fcst Dy             06/30    07/01    07/02    07/03    07/04    07/05    07/06    07/07    07/08    07/09    07/10    
Max RH (%)             87       90       84       87       73       79       84       81       90                         
Min Temp (F)           63       63       61       63       70       72       67       62       65                         
Min RH (%)             39       32       35       33       34       40       42       46       46                         
Max Temp (F)           85       90       89       91       92       91       90       83       87                         
WSpd (knt)             3        6        2        5        10       5        5        5        9                          
BI                              30       22       30       43       31       31       31       40                         
ERC                             31       33       34       37       38       38       39       38                         
IC                              19       14       20       25       16       14       14       18                         
10-hr fuel (%)                  10       9        9        8        9        10       10       11                         
100-hr fuel (%)                 15       14       13       12       12       12       12       12                         
1000-hr fuel (%)                18       17       17       17       16       16       16       16                         

*NECEDAH            474301  44.0286         44.0286         20210702  21   
Fcst Dy             06/30    07/01    07/02    07/03    07/04    07/05    07/06    07/07    07/08    07/09    07/10    
Max RH (%)             100      100      93       90       87       81       97       90       93                         
Min Temp (F)           61       60       54       59       66       71       67       59       59                         
Min RH (%)             49       45       43       39       43       44       52       57       55                         
Max Temp (F)           82       86       81       87       90       90       87       79       80                         
WSpd (knt)             3        4        2        5        5        8        4        4        6                          
BI                              17       16       22       23       30       21       21       24                         
ERC                             19       21       24       27       29       26       27       26                         
IC                              10       9        15       14       15       6        8        8                          
10-hr fuel (%)                  12       11       10       10       9        13       12       13                         
100-hr fuel (%)                 18       17       15       14       13       14       14       14                         
1000-hr fuel (%)                22       21       21       20       19       19       19       19                         

*BLACK RIVER FALLS  473901  44.2966         44.2966         20210702  21   
Fcst Dy             06/30    07/01    07/02    07/03    07/04    07/05    07/06    07/07    07/08    07/09    07/10    
Max RH (%)             100      100      96       90       84       78       93       87       93                         
Min Temp (F)           57       54       52       58       65       69       65       59       58                         
Min RH (%)             41       38       38       37       35       38       47       48       45                         
Max Temp (F)           84       87       83       89       91       92       88       81       82                         
WSpd (knt)             2        4        2        4        6        6        3        4        6                          
BI                              21       18       23       29       30       22       25       30                         
ERC                             25       27       29       32       34       32       33       33                         
IC                              13       11       17       18       15       8        11       13                         
10-hr fuel (%)                  12       11       10       9        8        12       11       11                         
100-hr fuel (%)                 17       16       15       14       13       13       13       13                         
1000-hr fuel (%)                19       19       19       18       18       17       17       17                         

*HORICON            475601  43.5706         43.5706         20210702  21   
Fcst Dy             06/30    07/01    07/02    07/03    07/04    07/05    07/06    07/07    07/08    07/09    07/10    
Max RH (%)             97       93       89       87       81       84       87       84                                  
Min Temp (F)           64       63       52       59       68       70       71       67                                  
Min RH (%)             58       55       45       43       43       45       47       55                                  
Max Temp (F)           80       82       75       88       91       91       90       85                                  
WSpd (knt)             4        9        5        7        8        11       6        6                                   
BI                              34       29       36       39       46       33       32                                  
ERC                             22       26       29       31       32       31       31                                  
IC                              14       15       24       23       25       12       10                                  
10-hr fuel (%)                  12       11       10       9        10       11       12                                  
100-hr fuel (%)                 18       16       15       14       13       13       13                                  
1000-hr fuel (%)                20       20       19       19       19       18       18                                  

*CARLOS             214201  45.3028         45.3028         20210702  21   
Fcst Dy             06/30    07/01    07/02    07/03    07/04    07/05    07/06    07/07    07/08    07/09    07/10    
Max RH (%)             93       90       86       84       78       84       87       81       90                         
Min Temp (F)           62       62       56       65       70       71       65       59       64                         
Min RH (%)             39       34       36       34       32       40       45       47       47                         
Max Temp (F)           85       88       86       91       93       92       88       80       84                         
WSpd (knt)             3        7        1        5        11       7        6        6        8                          
BI                              31       20       29       44       34       32       32       37                         
ERC                             33       34       36       38       38       38       39       38                         
IC                              18       12       20       26       16       13       14       15                         
10-hr fuel (%)                  9        9        9        8        9        10       10       11                         
100-hr fuel (%)                 15       15       13       12       12       12       12       12                         
1000-hr fuel (%)                17       17       17       16       16       15       15       15                         

*ROME (SARATOGA)    473501  44.2567         44.2567         20210702  21   
Fcst Dy             06/30    07/01    07/02    07/03    07/04    07/05    07/06    07/07    07/08    07/09    07/10    
Max RH (%)             100      97       86       81       87       81       93       87                                  
Min Temp (F)           62       62       54       60       67       71       66       59                                  
Min RH (%)             53       47       42       36       42       44       55       55                                  
Max Temp (F)           81       85       80       87       90       90       85       77                                  
WSpd (knt)             5        7        3        7        8        10       5        6                                   
BI                              19       16                                                                               
ERC                             16       20                                                                               
IC                              11       12                                                                               
10-hr fuel (%)                  12       10                                                                               
100-hr fuel (%)                 19       17                                                                               
1000-hr fuel (%)                23       22                                                                               

*SENEY NWR          201202  46.2403         46.2403         20210702  21   
Fcst Dy             06/30    07/01    07/02    07/03    07/04    07/05    07/06    07/07    07/08    07/09    07/10    
Max RH (%)             100      100      100      85       88       87       95       90       89                         
Min Temp (F)           59       52       45       56       62       68       57       51       53                         
Min RH (%)             61       49       41       39       49       47       64       52       49                         
Max Temp (F)           76       75       72       80       87       89       81       69       72                         
WSpd (knt)             6        9        6        8        6        9        9        6        8                          
BI                              36       31       37       33       38       36       33       36                         
ERC                             23       25       27       29       29       27       30       30                         
IC                              19       17       21       17       12       8        13       11                         
10-hr fuel (%)                  12       12       10       11       11       14       11       12                         
100-hr fuel (%)                 18       17       15       14       14       14       14       14                         
1000-hr fuel (%)                20       20       20       19       19       19       18       18                         

*DOE  LAKE          201002  46.2536         46.2536         20210702  21   
Fcst Dy             06/30    07/01    07/02    07/03    07/04    07/05    07/06    07/07    07/08    07/09    07/10    
Max RH (%)             100      100      100      83       86       87       95       91       94                         
Min Temp (F)           58       51       43       56       64       67       56       50       51                         
Min RH (%)             56       51       39       34       44       43       59       51       46                         
Max Temp (F)           77       76       73       82       90       91       84       70       73                         
WSpd (knt)             5        10       5        6        4        6        9        5        6                          
BI                              38       29       33       29       32       38       31       32                         
ERC                             24       26       29       30       30       29       32       30                         
IC                              19       16       17       16       11       10       13       10                         
10-hr fuel (%)                  13       12       9        10       11       14       11       13                         
100-hr fuel (%)                 18       17       15       14       13       14       14       14                         
1000-hr fuel (%)                20       20       19       19       18       18       18       18                         

*WAUSAUKEE          471301  45.3895         45.3895         20210702  21   
Fcst Dy             06/30    07/01    07/02    07/03    07/04    07/05    07/06    07/07    07/08    07/09    07/10    
Max RH (%)             100      100      86       83       87       81       90       83                                  
Min Temp (F)           61       57       49       59       67       70       62       53                                  
Min RH (%)             56       46       40       35       40       40       53       51                                  
Max Temp (F)           81       85       77       91       92       93       86       74                                  
WSpd (knt)             3        8        4        6        7        9        6        5                                   
BI                              23       19                                                                               
ERC                             22       24                                                                               
IC                              11       12                                                                               
10-hr fuel (%)                  12       10                                                                               
100-hr fuel (%)                 18       16                                                                               
1000-hr fuel (%)                20       20                                                                               

*RACO               201504  46.3581         46.3581         20210702  21   
Fcst Dy             06/30    07/01    07/02    07/03    07/04    07/05    07/06    07/07    07/08    07/09    07/10    
Max RH (%)             100      100      100      84       91       89       96       89       86                         
Min Temp (F)           58       52       44       55       59       65       57       52       52                         
Min RH (%)             62       54       39       39       48       49       59       47       45                         
Max Temp (F)           75       73       72       80       86       87       82       70       75                         
WSpd (knt)             5        8        6        5        4        8        8        4        5                          
BI                              32       31       30       28       36       34       29       30                         
ERC                             22       25       27       28       28       27       31       31                         
IC                              13       17       15       14       12       9        13       11                         
10-hr fuel (%)                  13       12       9        11       12       14       11       11                         
100-hr fuel (%)                 18       17       15       15       14       14       14       13                         
1000-hr fuel (%)                21       20       20       19       19       19       18       18                         

*BALDWIN            203802  43.8764         43.8764         20210702  21   
Fcst Dy             06/30    07/01    07/02    07/03    07/04    07/05    07/06    07/07    07/08    07/09    07/10    
Max RH (%)             100      100      93       89       93       87       97       96       96                         
Min Temp (F)           63       58       51       52       63       69       66       57       57                         
Min RH (%)             62       47       36       41       43       45       51       58       56                         
Max Temp (F)           78       83       76       81       87       89       85       77       77                         
WSpd (knt)             5        10       6        5        5        10       5        4        4                          
BI                              27       24       23       23       32       22       20       21                         
ERC                             21       26       28       28       28       27       26       27                         
IC                              14       13       14       12       11       6        6        8                          
10-hr fuel (%)                  12       10       10       11       11       13       14       13                         
100-hr fuel (%)                 18       16       15       14       14       14       15       15                         
1000-hr fuel (%)                20       19       19       19       18       18       18       18                         

*MIO                202902  44.6761         44.6761         20210702  21   
Fcst Dy             06/30    07/01    07/02    07/03    07/04    07/05    07/06    07/07    07/08    07/09    07/10    
Max RH (%)             100      100      93       83       97       90       93       96       93                         
Min Temp (F)           62       57       50       52       60       67       66       55       54                         
Min RH (%)             54       52       42       38       41       38       42       55       53                         
Max Temp (F)           80       80       72       81       92       93       90       78       76                         
WSpd (knt)             5        8        8        5        4        10       7        4        5                          
BI                              25       29       25       23       35       29       23       26                         
ERC                             23       28       30       31       32       31       30       32                         
IC                              8        16       14       13       17       9        6        10                         
10-hr fuel (%)                  14       11       9        11       11       12       14       12                         
100-hr fuel (%)                 18       16       15       14       14       13       14       14                         
1000-hr fuel (%)                18       18       18       17       17       17       17       17                         

*WELLSTON           203101  44.2222         44.2222         20210702  21   
Fcst Dy             06/30    07/01    07/02    07/03    07/04    07/05    07/06    07/07    07/08    07/09    07/10    
Max RH (%)             100      100      96       90       93       90       97       93       96                         
Min Temp (F)           62       59       50       52       62       68       65       57       57                         
Min RH (%)             54       52       43       41       44       41       48       57       55                         
Max Temp (F)           81       79       73       81       90       92       87       76       77                         
WSpd (knt)             4        8        6        4        4        8        4        3        3                          
BI                              21       21       19       19       26       19       17       18                         
ERC                             17       22       24       25       25       25       24       25                         
IC                              11       11       12       11       11       6        5        7                          
10-hr fuel (%)                  13       11       10       11       11       13       13       13                         
100-hr fuel (%)                 19       17       15       15       14       14       14       15                         
1000-hr fuel (%)                22       21       20       20       20       20       20       19                         

*SILVER CREEK       203601  44.3764         44.3764         20210702  21   
Fcst Dy             06/30    07/01    07/02    07/03    07/04    07/05    07/06    07/07    07/08    07/09    07/10    
Max RH (%)             100      97       86       75       93       90       87       90       87                         
Min Temp (F)           64       60       53       56       61       66       68       57       57                         
Min RH (%)             51       57       43       43       44       42       44       56       59                         
Max Temp (F)           82       80       73       79       90       91       90       79       74                         
WSpd (knt)             4        8        8        4        3        10       6        6        6                          
BI                              24       28       22       21       34       26       26       27                         
ERC                             21       26       29       30       30       31       30       31                         
IC                              8        16       12       11       16       8        7        10                         
10-hr fuel (%)                  14       10       9        11       11       11       13       11                         
100-hr fuel (%)                 19       16       15       14       14       13       13       14                         
1000-hr fuel (%)                19       19       18       18       18       18       17       17                         

*BALDWIN            203802  43.8764         43.8764         20210702  21   
Fcst Dy             06/30    07/01    07/02    07/03    07/04    07/05    07/06    07/07    07/08    07/09    07/10    
Max RH (%)             100      100      93       89       93       87       97       96       96                         
Min Temp (F)           63       58       51       52       63       69       66       57       57                         
Min RH (%)             62       47       36       41       43       45       51       58       56                         
Max Temp (F)           78       83       76       81       87       89       85       77       77                         
WSpd (knt)             5        10       6        5        5        10       5        4        4                          
BI                              27       24       23       23       32       22       20       21                         
ERC                             21       26       28       28       28       27       26       27                         
IC                              14       13       14       12       11       6        6        8                          
10-hr fuel (%)                  12       10       10       11       11       13       14       13                         
100-hr fuel (%)                 18       16       15       14       14       14       15       15                         
1000-hr fuel (%)                20       19       19       19       18       18       18       18                         

*ASHLAND            232401  38.8119         38.8119         20210702  21   
Fcst Dy             06/30    07/01    07/02    07/03    07/04    07/05    07/06    07/07    07/08    07/09    07/10    
Max RH (%)             100      100      90       93       87       93       93       93       93                         
Min Temp (F)           70       69       63       62       64       66       67       71       69                         
Min RH (%)             65       67       47       47       48       45       43       45       55                         
Max Temp (F)           85       82       83       82       85       87       89       90       89                         
WSpd (knt)             4        6        6        2        4        5        4        4        6                          
BI                              0        2        1        2        2        2        2        2                          
ERC                             0        0        0        0        0        0        0        0                          
IC                              0        19       12       16       16       15       12       12                         
10-hr fuel (%)                  20       11       11       10       11       11       11       12                         
100-hr fuel (%)                 41       37       30       24       21       19       17       16                         
1000-hr fuel (%)                52       55       54       52       50       47       44       43                         

*ATLANTA            231501  39.8694         39.8694         20210702  21   
Fcst Dy             06/30    07/01    07/02    07/03    07/04    07/05    07/06    07/07    07/08    07/09    07/10    
Max RH (%)             100      100      93       100      93       93       90       97       93                         
Min Temp (F)           68       67       63       62       64       66       69       69       68                         
Min RH (%)             72       63       56       53       51       53       55       57       65                         
Max Temp (F)           81       81       83       83       85       86       87       87       82                         
WSpd (knt)             4        8        4        2        8        10       6        6        6                          
BI                              18       14       12       21       24       20       19       20                         
ERC                             12       13       14       16       17       19       18       20                         
IC                              9        8        8        12       12       9        6        7                          
10-hr fuel (%)                  14       12       13       12       12       11       14       13                         
100-hr fuel (%)                 21       21       19       18       17       16       16       16                         
1000-hr fuel (%)                24       24       24       23       23       22       22       22                         

*CHILLICOTHE        231301  39.7769         39.7769         20210702  21   
Fcst Dy             06/30    07/01    07/02    07/03    07/04    07/05    07/06    07/07    07/08    07/09    07/10    
Max RH (%)             100      100      93       100      93       90       97       93       97                         
Min Temp (F)           69       69       65       64       64       67       69       70       69                         
Min RH (%)             72       57       55       53       51       50       52       59       63                         
Max Temp (F)           79       83       85       83       85       86       87       87       83                         
WSpd (knt)             2        8        2        2        6        9        5        5        6                          
BI                              23       18       18       27       34       26       25       28                         
ERC                             11       16       17       20       21       22       21       22                         
IC                              12       9        9        15       19       12       8        11                         
10-hr fuel (%)                  18       12       13       12       11       12       13       13                         
100-hr fuel (%)                 23       20       19       17       16       16       16       16                         
1000-hr fuel (%)                24       23       23       22       22       22       21       21                         

*MT VERNON          236902  37.1889         37.1889         20210702  21   
Fcst Dy             06/30    07/01    07/02    07/03    07/04    07/05    07/06    07/07    07/08    07/09    07/10    
Max RH (%)             100      100      100      96       97       93       93       93       100                        
Min Temp (F)           70       70       67       60       62       63       66       70       70                         
Min RH (%)             63       72       51       49       51       48       46       48       59                         
Max Temp (F)           85       81       81       82       83       86       88       89       86                         
WSpd (knt)             5        5        10       3        3        5        5        5        5                          
BI                              7        30       20       21       26       27       27       26                         
ERC                             2        14       16       18       20       22       22       22                         
IC                              2        22       11       11       15       15       12       10                         
10-hr fuel (%)                  30       13       12       12       11       11       11       13                         
100-hr fuel (%)                 25       21       19       18       17       16       15       16                         
1000-hr fuel (%)                25       24       23       23       22       22       22       21                         

*AVA FTS            238502  36.6494         36.6494         20210702  21   
Fcst Dy             06/30    07/01    07/02    07/03    07/04    07/05    07/06    07/07    07/08    07/09    07/10    
Max RH (%)             100      100      100      96       97       90       97       97       100                        
Min Temp (F)           70       70       68       60       61       63       65       70       70                         
Min RH (%)             57       67       52       47       51       47       46       47       59                         
Max Temp (F)           89       84       81       82       83       86       89       89       87                         
WSpd (knt)             3        4        8        3        3        3        3        4        4                          
BI                              17       38       29       29       30       30       31       30                         
ERC                             14       28       29       29       31       31       31       29                         
IC                              1        17       14       13       14       14       11       10                         
10-hr fuel (%)                  29       13       12       12       11       12       12       13                         
100-hr fuel (%)                 19       16       16       16       15       15       15       15                         
1000-hr fuel (%)                19       18       18       18       18       18       18       17                         

*COUNCIL BLUFF      236501  37.7222         37.7222         20210702  21   
Fcst Dy             06/30    07/01    07/02    07/03    07/04    07/05    07/06    07/07    07/08    07/09    07/10    
Max RH (%)             97       100      93       96       100      93       90       97       100                        
Min Temp (F)           70       69       63       58       60       64       66       69       70                         
Min RH (%)             54       65       41       41       45       45       43       43       53                         
Max Temp (F)           89       84       80       80       84       87       89       90       89                         
WSpd (knt)             4        3        8        4        2        3        3        5        4                          
BI                              15       40       31       27       29       30       34       30                         
ERC                             9        27       27       27       29       31       30       29                         
IC                              2        26       18       15       16       17       15       10                         
10-hr fuel (%)                  29       11       11       12       11       10       12       13                         
100-hr fuel (%)                 22       16       16       16       15       14       14       15                         
1000-hr fuel (%)                22       20       19       19       19       19       18       18                         

*DONIPHAN FTS       239102  36.6269         36.6269         20210702  21   
Fcst Dy             06/30    07/01    07/02    07/03    07/04    07/05    07/06    07/07    07/08    07/09    07/10    
Max RH (%)             93       100      100      93       100      93       90       97       100                        
Min Temp (F)           73       72       68       61       61       65       69       72       72                         
Min RH (%)             45       44       38       37       44       43       44       43       54                         
Max Temp (F)           92       92       83       84       84       88       91       92       90                         
WSpd (knt)             4        4        10       5        3        4        5        5        5                          
BI                              18       47       36       31       33       36       35       33                         
ERC                             16       31       32       31       32       33       33       31                         
IC                              1        31       20       17       17       20       14       12                         
10-hr fuel (%)                  27       12       11       12       11       11       12       13                         
100-hr fuel (%)                 18       15       14       15       14       14       14       15                         
1000-hr fuel (%)                19       18       18       18       18       17       17       17                         

*BIG SPRING         239004  36.9757         36.9757         20210702  21   
Fcst Dy             06/30    07/01    07/02    07/03    07/04    07/05    07/06    07/07    07/08    07/09    07/10    
Max RH (%)             98       100      100      100      100      100      97       97       100                        
Min Temp (F)           71       70       64       58       59       62       65       70       70                         
Min RH (%)             35       47       36       36       43       42       41       43       50                         
Max Temp (F)           97       92       84       84       86       89       92       92       92                         
WSpd (knt)             3        2        6        2        1        2        3        3        3                          
BI                              16       36       27       25       27       30       29       28                         
ERC                             17       28       28       28       29       30       30       30                         
IC                              1        25       16       15       15       19       14       11                         
10-hr fuel (%)                  27       12       12       12       12       11       12       13                         
100-hr fuel (%)                 18       17       16       16       16       15       15       15                         
1000-hr fuel (%)                19       19       19       19       19       18       18       18                         

*SINKIN FTS         236403  37.5014         37.5014         20210702  21   
Fcst Dy             06/30    07/01    07/02    07/03    07/04    07/05    07/06    07/07    07/08    07/09    07/10    
Max RH (%)             100      100      97       100      93       93       93       97       100                        
Min Temp (F)           69       69       63       57       59       62       64       68       68                         
Min RH (%)             57       63       41       41       47       46       45       45       57                         
Max Temp (F)           88       85       81       81       83       86       88       89       88                         
WSpd (knt)             4        3        8        4        3        4        3        5        3                          
BI                              13       34       28       27       30       28       32       27                         
ERC                             7        21       23       24       26       27       27       26                         
IC                              2        22       16       16       16       15       13       9                          
10-hr fuel (%)                  29       16       12       11       11       11       12       13                         
100-hr fuel (%)                 23       18       17       16       16       15       15       15                         
1000-hr fuel (%)                23       21       21       21       20       20       19       19                         

*FARMINGTON         236601  37.7617         37.7617         20210702  21   
Fcst Dy             06/30    07/01    07/02    07/03    07/04    07/05    07/06    07/07    07/08    07/09    07/10    
Max RH (%)             100      100      93       100      96       97       90       97       100                        
Min Temp (F)           70       70       61       58       60       64       67       70       69                         
Min RH (%)             54       63       42       42       46       45       43       42       54                         
Max Temp (F)           89       85       81       81       84       87       90       91       89                         
WSpd (knt)             5        3        10       4        3        3        3        6        5                          
BI                              12       41       27       25       26       27       33       29                         
ERC                             8        27       27       28       29       31       30       29                         
IC                              2        26       15       14       14       15       14       10                         
10-hr fuel (%)                  28       11       12       12       12       10       11       13                         
100-hr fuel (%)                 24       17       16       16       15       15       15       15                         
1000-hr fuel (%)                22       19       19       19       19       18       18       18                         